Arco_i Arco_j VecesRecorrido
============================
1939 1971 1
1971 1939 1
1971 1980 1
1971 2016 0
1980 1971 0
1980 1988 1
1980 2055 1
1988 1980 1
1988 1991 0
1988 2057 1
1991 1988 1
1991 2061 0
2015 2016 1
2015 2056 0
2016 1971 1
2016 2015 0
2016 2054 1
2054 2016 1
2054 2055 0
2054 2056 1
2055 1980 0
2055 2054 1
2055 2057 1
2056 2015 1
2056 2054 0
2056 2097 1
2057 1988 0
2057 2055 1
2057 2061 1
2061 1991 1
2061 2057 0
2061 2064 1
2064 2061 1
2095 2096 0
2096 2095 1
2096 2097 0
2096 2120 1
2097 2056 1
2097 2096 1
2115 2117 1
2117 2115 0
2117 2118 1
2117 2213 1
2118 2117 1
2118 2119 1
2118 2214 0
2119 2118 0
2119 2120 1
2119 2216 1
2120 2096 1
2120 2119 1
2120 2129 1
2120 2217 0
2129 2120 0
2129 2130 0
2129 2218 1
2130 2129 1
2213 2117 0
2213 2214 2
2214 2118 1
2214 2216 1
2216 2119 0
2216 2217 2
2217 2120 1
2217 2218 1
2218 2129 0
2218 2220 2
2247 2248 1
2248 2212 1
2248 2301 1
2301 2248 1
2301 2374 1
2374 2301 1
2374 2376 0
2374 2425 1
2376 2374 1
2376 2377 1
2376 2380 0
2377 2376 1
2377 2380 1
2377 2966 0
2380 2376 1
2380 2377 0
2425 2374 0
2425 2965 2
2425 2966 0
2426 2966 1
2483 2981 1
2498 2499 0
2498 2510 1
2499 2498 1
2499 2965 0
2499 2981 1
2510 2498 0
2510 2514 0
2510 2534 2
2514 2510 1
2514 2515 1
2514 2574 0
2514 2981 1
2515 2514 1
2534 2510 0
2534 2571 2
2571 2534 0
2571 2574 1
2571 2598 1
2574 2514 2
2574 2571 0
2574 2604 0
2598 2571 0
2598 2604 1
2598 2634 1
2604 2574 1
2604 2598 1
2604 2640 0
2634 2598 0
2634 2640 1
2634 2667 1
2637 2638 1
2638 2637 1
2638 2669 1
2640 2604 1
2640 2634 0
2667 2634 1
2667 2669 1
2667 2679 0
2669 2638 1
2669 2667 0
2669 2702 1
2679 2667 1
2679 2701 0
2701 2679 1
2701 2702 0
2701 2725 1
2702 2669 0
2702 2701 1
2702 2741 1
2725 2701 1
2725 2739 1
2739 2725 1
2739 2741 0
2739 2793 1
2741 2702 1
2741 2739 1
2741 2801 0
2793 2739 0
2793 2801 1
2801 2741 1
2965 2425 0
2965 2499 2
2966 2377 1
2966 2425 1
2966 2426 1
2966 2981 0
2981 2483 1
2981 2499 0
2981 2514 0
2981 2966 2
1991 2064 0
2054 2096 0
2064 1991 0
2064 2095 0
2095 2064 0
2095 2115 1
2096 2054 0
2097 2129 0
2115 2095 0
2115 2212 0
2129 2097 1
2130 2220 0
2212 2115 0
2212 2213 1
2217 2248 0
2220 2130 1
2220 2247 1
2247 2220 0
2248 2217 0
2638 2640 0
2640 2638 0
2724 2725 0
2724 2774 0
2725 2724 0
2764 2765 0
2765 2774 0
2774 2724 0
2774 2792 0
2792 2793 0
2792 3014 0
2793 3015 0
2801 2812 0
2812 3001 0
3001 2812 0
3001 3015 0
3013 2764 0
3014 3013 0
3015 2793 0
3015 3014 0
