NOMBRE : Seg_21
COMENTARIO : 
VERTICES : 124
ARISTAS_REQ : 84
ARISTAS_NOREQ : 18
RESTRICCIONES : 0
NODOS_INICIALES : 1
NODOS_TERMINO : 1
LISTA_ARISTAS_REQ :
bi 643 644 55.796 1
bi 553 645 62.44 1
bi 558 643 65.783 1
bi 897 1075 177.867 1
bi 160 617 120.15 1
bi 961 557 130.69 1
bi 839 866 131.296 1
bi 144 839 114.593 1
bi 467 305 121.746 1
bi 1111 1123 127.628 1
bi 1126 1132 42.239 1
bi 1132 1129 86.45 1
bi 1137 1075 71.261 1
bi 1132 1138 50.97 1
bi 1123 1139 106.291 1
bi 1139 1138 41.39 1
bi 1125 1140 98.906 1
bi 1140 1139 43.269 1
bi 1141 1140 43.516 1
bi 1122 1142 119.5 1
bi 1142 1141 45.339 1
bi 1143 1142 22.78 1
bi 1124 1144 110.089 1
bi 1144 1143 22.603 1
bi 1145 1144 21.079 1
bi 1141 1165 65.47 1
bi 1169 1165 46.733 1
bi 1143 1170 78.64 1
bi 1170 1169 21.589 1
bi 1171 1170 20.214 1
bi 1145 1177 85.902 1
bi 1177 1171 21.072 1
bi 1178 1177 20.921 1
bi 1166 1187 41.346 1
bi 1187 1199 42.957 1
bi 1137 770 251.867 1
bi 1199 1220 42.997 1
bi 1169 1223 132.203 1
bi 1223 1220 46.265 1
bi 1171 1226 132.102 1
bi 1226 1223 42.254 1
bi 1178 1228 131.909 1
bi 1228 1226 42.865 1
bi 644 468 120.004 1
bi 839 159 119.471 1
bi 305 306 101.674 1
uni 1109 1111 42.661 1
bi 1109 1114 34.843 1
bi 1114 1113 40.252 1
bi 1113 1117 73.085 1
bi 1117 1116 35.296 1
bi 1114 1118 73.471 1
bi 1118 1117 41.882 1
bi 1118 1120 18.716 1
uni 1119 1122 45.103 1
bi 1123 1120 41.378 1
uni 1122 1124 45.632 1
bi 1125 1123 41.583 1
bi 1120 1126 20.097 1
bi 1126 1121 81.884 1
bi 552 553 43.417 1
bi 557 558 114.521 1
bi 1080 770 118.523 1
bi 770 1075 158.119 1
bi 1129 1075 70.194 1
bi 1119 1141 133.082 1
bi 1115 1125 95.515 1
bi 866 160 119.575 1
bi 467 468 51.258 1
bi 617 305 118.793 1
bi 643 467 118.618 1
bi 160 467 118.694 1
bi 552 558 109.002 1
bi 961 897 114.953 1
bi 770 144 180.802 1
bi 866 643 118.145 1
bi 557 866 86.993 1
bi 644 553 54.978 1
bi 961 839 110.344 1
bi 897 144 127.883 1
bi 468 235 52.681 1
bi 144 145 120.318 1
bi 159 160 131.92 1
bi 145 159 115.799 1
LISTA_ARISTAS_NOREQ :
uni 1127 1128 41.596 0
uni 1124 1127 40.769 0
bi 2916 1131 11.9 0
uni 1128 1131 56.658 0
bi 645 235 60.443 0
bi 413 145 38.025 0
bi 1220 1232 46.234 0
uni 2916 1112 504.933 0
bi 1121 1129 42.615 0
bi 1138 1137 20.745 0
uni 1110 1109 45.428 0
uni 1112 1110 32.18 0
bi 1110 1113 18.714 0
uni 1111 1115 53.61 0
bi 1112 1116 74.584 0
uni 1115 1119 70.228 0
bi 1116 1121 42.227 0
bi 1165 1166 5.532 0
CORDENADAS_NODOS :
RESTRICCIONES :
NODOS_INICIALES:
1170
NODOS_TERMINO:
468
