Arco_i Arco_j VecesRecorrido
============================
35 728 1
35 1031 2
37 38 1
38 157 1
38 364 1
38 464 1
59 60 1
59 150 1
59 728 1
59 742 0
60 35 3
60 59 0
67 715 2
68 67 1
68 158 2
79 886 0
80 79 1
80 289 1
80 790 1
90 91 1
90 554 0
91 90 0
91 581 1
91 698 1
94 457 1
150 59 0
150 591 1
150 741 2
157 38 1
157 158 0
157 799 1
158 157 1
158 464 1
161 631 1
166 167 1
166 919 1
172 173 1
172 742 3
172 763 0
173 172 0
173 716 1
192 162 1
192 631 0
220 221 0
220 265 1
220 399 1
221 220 1
221 456 0
221 514 0
221 534 1
230 231 0
230 315 1
230 480 1
231 230 1
251 68 2
251 370 1
264 265 1
264 628 1
265 534 1
265 1028 1
280 80 1
280 591 1
289 80 1
289 290 1
289 300 1
289 339 0
290 289 1
290 301 1
300 289 0
300 301 4
300 788 0
301 499 1
301 807 4
314 315 1
315 230 0
315 314 0
315 763 1
315 954 1
339 289 1
363 364 0
363 750 0
363 762 2
364 38 1
364 363 1
364 624 1
370 593 1
370 924 1
371 370 1
371 604 1
399 220 0
399 264 1
399 750 1
445 593 1
456 221 1
456 310 1
464 166 1
464 677 1
480 230 1
499 581 1
500 150 1
500 280 1
514 221 1
514 919 1
534 221 0
534 341 1
534 939 1
554 90 1
573 371 1
573 923 1
581 91 1
581 554 1
591 150 1
591 290 1
593 445 1
593 845 1
604 251 1
604 603 1
627 280 1
627 790 1
628 1028 1
631 161 0
631 192 1
631 659 1
659 631 1
676 364 2
676 750 0
677 399 1
677 676 1
694 371 1
698 91 0
698 788 1
715 251 2
716 60 2
716 173 0
716 742 0
728 59 0
728 500 1
728 1029 1
741 742 1
741 807 1
742 59 3
742 172 0
742 716 1
742 741 0
750 363 1
750 399 0
750 676 1
750 871 0
762 363 0
762 871 1
762 1025 1
763 172 4
763 231 1
763 315 0
788 300 2
788 698 0
790 80 1
790 886 1
799 67 1
799 157 0
807 763 4
807 954 1
836 300 1
845 593 0
845 924 1
871 264 1
871 750 1
871 1026 0
886 79 1
919 220 1
919 677 1
923 573 0
923 604 1
924 68 1
924 166 1
939 340 1
939 534 0
954 315 0
954 499 1
954 618 1
1025 762 0
1025 1026 1
1026 871 1
1027 500 1
1027 627 2
1029 728 0
1029 1027 1
1031 740 1
37 799 0
79 339 2
94 95 0
95 94 1
95 161 0
161 95 0
161 162 0
162 161 1
167 514 1
167 659 0
173 231 0
192 845 0
213 310 0
213 861 0
231 173 0
310 213 1
314 618 0
339 79 0
339 836 1
340 341 0
340 1018 1
341 861 1
341 1022 0
456 457 0
456 861 0
457 456 0
457 514 1
457 659 0
499 788 1
514 167 0
573 801 0
593 694 0
603 623 1
618 314 1
623 923 0
623 1060 0
624 37 1
628 627 0
659 95 0
659 457 0
694 593 0
694 801 0
715 603 0
740 340 0
740 1030 1
801 573 2
801 694 1
836 339 0
845 192 0
861 341 0
861 456 2
923 623 0
947 740 0
1018 340 0
1018 947 0
1022 1018 0
1026 628 0
1028 939 0
1028 1027 2
1030 1029 0
1031 1030 1
1060 623 0
