Arco_i Arco_j VecesRecorrido
============================
33 34 1
33 163 1
33 598 0
34 33 1
34 995 1
34 996 0
69 87 1
70 69 1
83 84 0
83 129 1
83 179 1
84 83 1
84 130 1
84 163 0
87 69 0
102 103 0
102 533 0
102 815 2
103 102 1
103 599 1
104 191 0
104 285 1
105 486 0
105 879 1
121 637 0
122 893 1
123 124 1
124 532 1
124 767 0
124 813 1
129 83 0
129 130 1
129 400 1
130 84 1
130 129 0
130 991 1
163 33 0
163 84 1
163 179 1
163 997 0
168 169 1
168 896 1
169 307 0
169 563 1
169 700 1
179 83 1
179 163 0
179 461 1
179 598 1
189 190 1
189 307 1
189 755 0
190 274 1
190 308 0
190 386 1
191 104 1
191 767 1
211 461 1
252 103 2
256 257 0
256 531 1
256 758 1
257 256 1
257 400 1
257 461 0
257 572 0
260 261 1
260 437 1
261 322 0
261 438 2
261 541 1
270 168 1
270 998 1
271 896 0
272 505 1
272 951 1
273 272 1
273 448 0
285 104 0
285 854 1
297 351 1
297 963 0
298 786 1
307 169 1
307 189 0
307 998 1
308 190 1
308 307 1
308 563 0
318 319 1
319 318 0
321 322 1
321 585 0
321 932 1
322 261 2
322 321 0
322 414 1
322 922 0
331 332 0
331 486 2
332 331 1
332 675 1
332 708 0
350 351 1
350 605 1
350 774 0
351 350 1
351 710 1
369 838 0
374 375 0
374 637 1
374 848 1
375 374 2
375 768 0
375 813 0
386 190 0
386 756 1
397 398 1
397 661 1
397 848 0
398 397 0
398 661 0
398 833 1
398 886 1
400 129 1
400 257 0
400 690 1
414 322 1
414 541 0
414 725 1
419 70 1
419 743 1
437 260 0
437 438 0
437 774 1
437 1089 1
438 437 1
438 717 1
448 273 1
448 541 1
455 191 1
461 179 0
461 211 0
461 257 1
461 885 1
472 835 1
472 870 1
486 105 1
486 331 0
486 584 1
505 674 1
505 861 1
531 256 1
532 533 2
532 674 1
532 769 0
533 102 1
533 599 1
541 272 1
541 414 1
555 556 1
555 611 1
555 657 0
555 757 1
556 555 1
556 612 0
556 764 1
563 308 2
563 564 0
564 563 1
564 874 0
564 1035 0
564 1038 1
571 572 1
572 257 1
572 571 0
575 576 1
575 971 1
575 993 0
576 575 0
576 670 2
576 765 0
584 486 0
584 585 1
584 879 0
585 321 2
585 584 0
585 932 0
598 33 1
598 179 1
598 975 0
599 861 2
605 350 0
605 702 1
605 710 0
605 773 1
608 419 1
608 648 0
611 555 1
612 556 1
614 838 1
635 757 0
637 121 1
637 374 0
637 893 1
648 608 1
657 555 1
657 700 1
661 397 1
661 398 1
661 1038 0
670 576 0
670 671 1
670 755 1
671 670 0
671 756 1
671 765 1
674 505 0
674 532 1
674 767 1
675 260 1
675 1089 1
689 690 1
689 876 1
690 400 0
690 991 2
699 700 0
699 896 1
700 169 0
700 657 1
700 699 1
702 605 0
708 332 2
708 709 0
708 1089 0
709 708 1
709 773 0
709 1073 1
710 605 1
710 1039 1
717 963 2
725 414 0
725 922 1
725 951 1
738 689 2
738 808 0
743 419 1
755 189 1
755 670 0
755 1000 1
756 671 1
756 755 1
757 555 0
757 635 1
758 256 0
764 556 0
764 1002 1
765 576 1
765 671 0
767 124 1
767 191 1
767 674 0
768 375 1
768 769 1
768 848 0
769 532 1
769 768 1
769 833 1
769 853 0
773 605 0
773 709 1
773 774 1
774 350 1
774 437 0
774 717 1
786 298 1
805 710 1
805 806 0
806 805 1
808 738 1
808 809 0
808 870 1
809 808 2
809 835 0
813 124 0
813 375 1
814 738 1
814 870 0
815 102 0
815 853 1
815 886 1
833 398 0
833 769 0
833 848 1
833 853 1
835 472 0
835 809 2
835 876 0
838 369 1
838 614 0
848 374 0
848 397 1
848 768 1
848 833 0
853 769 2
853 815 0
853 833 0
854 285 0
861 252 3
870 472 1
870 808 0
870 814 1
874 564 1
874 875 1
874 886 0
875 874 0
876 689 0
876 835 1
879 105 0
879 584 1
885 461 0
886 398 0
886 815 0
886 874 2
893 637 1
893 1037 1
896 168 1
896 271 1
896 699 0
922 322 1
922 725 0
922 932 1
932 321 0
932 585 1
932 922 1
951 32 1
951 725 1
957 773 1
960 971 0
963 297 1
971 575 1
971 960 1
971 992 0
975 598 1
975 976 0
975 1051 1
976 975 2
976 994 0
976 1051 0
991 130 0
991 997 2
992 971 1
993 575 1
993 992 1
994 976 1
995 34 0
996 34 1
997 163 1
997 996 1
998 999 2
999 189 1
999 1000 1
1000 993 2
1002 764 0
1035 564 1
1037 1038 1
1038 564 0
1038 661 1
1038 1037 0
1039 710 0
1039 1070 1
1051 975 0
1051 976 1
1070 806 1
1073 709 1
1089 437 0
1089 675 1
1089 708 1
31 455 1
31 827 0
31 841 0
32 31 1
32 827 0
65 66 0
65 668 0
66 65 0
66 506 0
69 200 0
70 530 0
87 88 1
88 87 0
88 530 0
92 93 0
92 126 0
93 92 0
93 883 0
104 105 0
105 104 0
121 122 1
123 825 0
125 126 0
125 369 0
126 92 0
126 125 0
126 571 1
191 215 0
200 987 0
211 531 0
211 885 0
215 474 0
215 767 0
252 294 1
260 584 0
271 270 2
274 559 0
274 1035 1
293 875 0
294 293 0
297 298 0
298 297 0
298 351 0
318 608 0
319 648 1
319 919 0
331 854 0
351 298 0
369 125 1
375 850 0
386 766 0
469 470 0
470 469 0
470 850 0
471 472 1
471 779 0
472 471 0
474 215 0
474 601 0
505 828 0
506 66 0
506 507 0
507 506 0
507 691 0
530 70 0
530 88 0
530 743 0
531 211 0
559 274 0
559 766 0
571 126 0
572 758 0
575 751 0
584 260 1
601 474 0
601 854 0
601 901 0
611 635 0
612 611 0
614 758 0
635 271 1
648 319 0
648 743 0
657 1038 0
668 65 0
668 1003 0
674 827 0
691 1071 0
699 757 0
702 805 0
702 957 1
743 530 0
743 648 0
751 575 0
751 766 0
757 699 0
758 572 0
758 614 1
764 1037 0
765 766 0
766 386 0
766 559 0
766 751 0
766 765 0
767 215 0
779 471 0
779 883 0
786 1039 0
805 702 0
809 876 0
813 825 0
825 123 1
825 813 0
827 31 0
827 455 0
827 674 0
828 294 0
828 505 1
841 31 0
841 32 0
841 879 0
850 375 0
854 331 1
854 601 0
875 1036 1
876 809 0
879 841 0
883 93 0
883 779 0
885 211 1
885 898 0
898 885 0
898 1051 0
901 601 0
901 1073 0
919 319 0
919 960 0
957 702 0
957 1073 0
960 919 1
963 977 1
969 448 2
977 963 0
977 969 0
987 200 0
987 814 0
991 992 1
992 318 1
992 991 0
994 1001 0
995 994 1
996 995 0
1001 469 0
1001 1002 0
1002 612 1
1002 1001 0
1003 668 0
1003 1005 0
1005 1008 0
1007 1011 0
1008 1007 0
1011 1014 0
1014 901 0
1035 274 0
1035 1036 0
1036 1035 0
1037 764 0
1038 657 1
1051 898 0
1070 507 0
1071 1072 0
1072 507 0
1072 786 0
1073 901 0
1073 957 0
