Arco_i Arco_j VecesRecorrido
============================
1156 1259 0
1254 1258 1
1254 1305 0
1255 1259 1
1258 1254 0
1258 1259 1
1258 1304 1
1259 1156 1
1259 1255 1
1259 1258 0
1304 1258 1
1304 1305 0
1304 1338 1
1305 1254 1
1305 1304 1
1305 1335 0
1335 1305 2
1335 1338 0
1335 1367 0
1338 1304 0
1338 1335 1
1338 1369 1
1367 1335 1
1367 1369 0
1367 1414 1
1369 1338 1
1369 1367 1
1369 1415 0
1414 1367 1
1415 1369 1
1415 1447 0
1447 1415 1
1447 1448 0
1448 1447 1
1448 1525 0
1515 1525 1
1515 1581 0
1525 1448 1
1525 1515 0
1525 1527 1
1527 1525 1
1581 1515 1
1581 1674 0
1644 1679 1
1674 1581 1
1674 1675 0
1674 1679 1
1675 1674 1
1675 1699 0
1679 1644 0
1679 1674 1
1679 1682 1
1682 1679 0
1699 1675 1
1699 1709 0
1699 1728 1
1709 1699 1
1728 1699 1
1728 1729 1
1729 1728 1
1729 1733 0
1729 1816 1
1733 1729 1
1733 1736 1
1733 1820 0
1736 1733 0
1812 1816 1
1816 1729 0
1816 1812 1
1816 1820 1
1816 1893 1
1820 1733 2
1820 1816 0
1820 1823 0
1823 1820 1
1823 1829 1
1823 1894 0
1829 1823 1
1891 1893 1
1893 1816 1
1893 1891 0
1893 1894 1
1894 1823 1
1894 1893 0
1933 1935 0
1935 1933 1
1935 1936 1
1935 1992 0
1936 1935 0
1936 1975 1
1959 1962 1
1959 2002 0
1962 1959 0
1962 1963 2
1962 2083 0
1963 1962 0
1963 1965 1
1963 2093 1
1965 1963 0
1965 1967 1
1965 2091 1
1967 1965 1
1967 1970 1
1967 2087 0
1968 1970 1
1968 1990 1
1968 2085 0
1970 1967 0
1970 1968 1
1970 2089 1
1975 1936 0
1975 1992 1
1990 1968 0
1990 1996 2
1990 2082 0
1992 1935 2
1992 1975 0
1992 2000 0
1996 1990 0
1996 2005 1
1996 2084 1
2000 1992 1
2002 1959 1
2002 2051 0
2005 1996 0
2051 2002 1
2051 2052 1
2051 2081 0
2052 2051 0
2079 2084 1
2081 2051 2
2081 2083 0
2081 2138 0
2082 1990 1
2082 2085 0
2082 2086 1
2083 1962 1
2083 2081 1
2083 2093 0
2083 2197 0
2084 1996 0
2084 2079 1
2084 2086 1
2085 1968 1
2085 2082 1
2085 2089 0
2085 2157 0
2086 2082 1
2086 2084 0
2086 2151 1
2087 1967 1
2087 2088 1
2087 2090 0
2088 2087 0
2088 2161 1
2089 1970 0
2089 2085 1
2090 2087 2
2090 2091 0
2090 2169 0
2091 1965 0
2091 2090 1
2092 2093 1
2092 2170 0
2093 1963 0
2093 2083 1
2093 2092 0
2093 2172 1
2137 2138 1
2138 2081 1
2138 2137 0
2138 2196 1
2146 2151 1
2151 2086 0
2151 2146 1
2151 2157 1
2151 2228 1
2157 2085 1
2157 2151 0
2157 2161 1
2157 2211 0
2161 2088 0
2161 2157 0
2161 2169 2
2169 2090 1
2169 2161 0
2169 2170 1
2170 2092 1
2170 2169 0
2170 2172 1
2172 2093 0
2172 2170 1
2172 2195 1
2195 2172 0
2195 2197 1
2196 2138 1
2196 2197 1
2196 2198 1
2196 2348 0
2197 2083 1
2197 2195 0
2197 2196 0
2197 2345 1
2198 2196 1
2211 2157 1
2211 2219 0
2219 2211 1
2219 2253 0
2228 2151 1
2228 2229 0
2228 2231 1
2228 2306 1
2229 2228 1
2229 2961 0
2231 2228 1
2231 2232 1
2231 2269 0
2232 2231 0
2232 2252 1
2252 2232 0
2252 2253 1
2252 2270 1
2253 2219 1
2253 2252 0
2253 2277 1
2269 2231 1
2269 2270 1
2269 2316 0
2270 2252 1
2270 2269 1
2270 2278 1
2277 2253 1
2277 2278 1
2277 2343 0
2278 2270 1
2278 2277 0
2278 2404 1
2306 2228 0
2306 2307 0
2306 2316 1
2306 2416 1
2307 2306 1
2307 2368 0
2316 2269 1
2316 2306 0
2320 2341 0
2320 2389 1
2341 2320 1
2341 2389 0
2343 2277 1
2343 2345 1
2343 2404 0
2343 2407 0
2345 2197 0
2345 2343 0
2345 2348 2
2348 2196 1
2348 2345 0
2350 2353 1
2350 2412 1
2353 2350 1
2368 2307 2
2368 2399 0
2389 2320 0
2389 2341 1
2398 2419 1
2398 2572 0
2399 2368 2
2399 2416 0
2399 2422 0
2403 2407 1
2403 2457 0
2404 2278 0
2404 2343 1
2407 2343 1
2407 2403 0
2407 2412 1
2407 2460 0
2412 2350 0
2412 2407 0
2412 2462 2
2416 2306 0
2416 2399 1
2416 2429 1
2419 2398 0
2419 2429 0
2419 2573 2
2422 2399 1
2422 2471 0
2429 2416 1
2429 2419 1
2429 2442 0
2442 2429 1
2442 2567 0
2457 2403 1
2457 2460 1
2457 2512 0
2460 2407 1
2460 2457 0
2460 2462 0
2460 2511 1
2462 2412 0
2462 2460 1
2462 2513 1
2471 2422 1
2479 2566 0
2511 2460 0
2511 2512 1
2511 2513 1
2511 2584 0
2512 2457 2
2512 2511 0
2512 2583 0
2513 2462 0
2513 2511 0
2513 2585 2
2566 2479 1
2566 2567 1
2566 2615 0
2567 2442 1
2567 2566 1
2567 2573 0
2572 2398 1
2572 2573 0
2572 2613 1
2573 2419 0
2573 2567 1
2573 2572 1
2583 2512 1
2583 2584 1
2583 2621 0
2584 2511 1
2584 2583 0
2584 2585 0
2584 2622 1
2585 2513 0
2585 2584 1
2585 2623 1
2613 2572 1
2613 2618 1
2613 2662 0
2615 2566 1
2615 2618 1
2615 2693 0
2618 2613 0
2618 2615 1
2618 2661 1
2621 2583 2
2621 2622 0
2621 2664 0
2622 2584 0
2622 2621 1
2622 2623 1
2623 2585 0
2623 2622 1
2623 2665 1
2661 2618 0
2661 2662 1
2661 2692 1
2662 2613 1
2662 2661 0
2662 2697 1
2664 2621 1
2664 2665 1
2664 2700 0
2665 2623 0
2665 2664 0
2665 2706 2
2692 2661 1
2692 2693 1
2692 2697 0
2693 2615 1
2693 2692 0
2697 2662 1
2697 2692 1
2697 2748 0
2700 2664 2
2700 2706 0
2700 2751 0
2706 2665 0
2706 2700 1
2706 2754 1
2744 2746 1
2746 2744 1
2746 2747 1
2746 2831 0
2747 2746 0
2747 2748 2
2747 2840 0
2748 2697 1
2748 2747 0
2748 2749 2
2748 2843 0
2749 2748 0
2749 2750 1
2749 2847 1
2750 2749 0
2750 2752 2
2750 2852 0
2751 2700 1
2751 2752 0
2751 2753 0
2751 2808 1
2752 2750 0
2752 2751 1
2752 2857 1
2753 2751 1
2753 2754 0
2753 2807 1
2754 2706 0
2754 2753 2
2756 2834 0
2807 2753 0
2807 2808 1
2807 2832 1
2808 2751 0
2808 2807 0
2808 2833 2
2828 2831 1
2831 2746 1
2831 2828 1
2831 2840 0
2832 2807 1
2832 2833 0
2832 2834 1
2833 2808 0
2833 2832 1
2833 2862 1
2834 2756 1
2834 2832 0
2834 2873 1
2840 2747 1
2840 2831 1
2840 2843 0
2843 2748 1
2843 2840 1
2843 2847 0
2847 2749 0
2847 2843 2
2847 2852 0
2852 2750 1
2852 2847 1
2852 2857 0
2857 2752 0
2857 2852 2
2857 2862 0
2862 2833 0
2862 2857 1
2873 2834 1
2873 2874 1
2874 2873 0
2902 2903 0
2903 2902 1
2961 2229 1
1156 1158 1
1158 1255 0
1254 1255 0
1255 1158 0
1255 1254 0
1414 1415 0
1415 1414 0
1644 1682 0
1682 1644 1
1682 1709 0
1709 1682 0
1709 1736 0
1736 1709 1
1812 1891 0
1891 1812 0
1891 1933 0
1894 1938 0
1933 1891 1
1933 2000 0
1936 1938 0
1938 1894 0
1938 1936 0
1938 1968 0
1968 1938 0
1968 1975 0
1975 1968 0
1992 1996 0
1996 1992 0
2000 1933 0
2000 2005 0
2005 2000 1
2005 2079 0
2052 2137 1
2079 2005 0
2088 2089 0
2089 2088 0
2091 2092 0
2092 2091 0
2137 2052 0
2195 2219 0
2211 2232 0
2219 2195 0
2232 2211 0
2307 2961 1
2316 2320 0
2320 2316 0
2341 2404 0
2348 2350 1
2350 2348 0
2389 2398 0
2398 2389 0
2403 2404 0
2404 2341 0
2404 2403 0
2442 2471 0
2471 2442 0
2471 2479 0
2479 2471 1
2693 2744 0
2744 2693 0
2744 2828 0
2754 2756 0
2756 2754 1
2828 2744 0
2828 2870 0
2831 2872 0
2840 2878 0
2843 2879 0
2847 2883 0
2852 2889 0
2857 2893 0
2862 2874 0
2870 2828 0
2870 2872 0
2872 2831 0
2872 2870 0
2872 2878 0
2873 2902 0
2874 2862 0
2874 2903 1
2878 2840 1
2878 2872 0
2878 2879 0
2879 2843 0
2879 2878 0
2879 2883 0
2883 2847 0
2883 2879 0
2883 2889 0
2889 2852 0
2889 2883 0
2889 2893 0
2893 2857 0
2893 2889 0
2893 2903 0
2902 2873 1
2903 2874 0
2903 2893 0
2961 2307 0
